7296301360
6558146009
7295197285
5824970383
7256272779
6583794663
5804603009
6415638705
6965061442
7295896887
2671109275
6870634215
6547684193
6407804226
7286695755
6398018552
7296310494
2630966021
6055072471
6484832724
7020299606
7059059663
7048745281
1630839955
6509563582
5405645703
6884211717
7199171493
6380409155
6218085180
5943913208
2670243545
6791895010
6856191601
6888493982
6923241096
6035537986
6301141156
6390039277
6025844656
6697854249
6607501396
6609419109
6366148943
6609371325
6606702484
6327960492
5774414434
6627723663
6626157842
6626888603
5246837287
6627422724
6627600564
6629983634
6629970663
6630572263
7010565949
6629986366
6630608862
6630621216
6629977163
6630606184
7127773447
6630626392
6630005319
6629948695
6629983634
6630614647
6629963022
6630000520
6629991255
6629961026
6630617568
6629988280
6630601227
6630589965
6630626244
6630574189
6629966120
6626328604
6630582314
6630583232
6630614420
6629981024
6630601110
6630588561
6629951497
3749740984
6610769068
2671109275
7295895545
7295200596
5710472596
7294651454
7295112055
6407782679
7295895650
6355656137
7276935755
6870634215
2014124562
6890059520
2671109275
6232977818
7284235653
3226594455
7295895545
7295200596
5710472596
7294651454
7295112055
6407782679
7295895650
2671109275
6408208313
6205619843
6232977818
7284235653
3226594455
7295895545
7295200596
5710472596
7294651454
7295112055
2671109275
6408208313
6205619843
6232977818
7284235653
3226594455
7295895545
7295200596
5710472596
7294651454
7295112055
2671109275
6560023803
6408204658
7296313977
6408208313
6205619843
6232977818
7284235653
3226594455
7295895545
7295200596
2671109275
6560023803
6408204658
7296313977
6408208313
6205619843
6232977818
7284235653
3226594455
7295895545
7295200596
2671109275
7294649887
6970923306
6560023803
6408204658
7296313977
6408208313
6205619843
6232977818
7284235653
3226594455
3922042015
5766729410
2804710324
2789794880
1776560004
2803358100
2920360032
5947239540
3226594455
3235264574
6633388380
6633394272
6606301843
5890424514
6231454324
6106085529
3292324873
6606299474
6793907157
6792935688
6543298171
6630047925
6604056004
6286543317
6592084598
6586721075
6859392605
6569361190
6594043611
6632737563
6074605722
6522448596
6860148843
5490311015
6020551914
6744573959
3993785940
6091335907
6081423019
6260130541
6340539319
7076045719
6082318167
6081955582
6081415606
6776358218
6638573594
5545695018
7295918506
7295936956
7287554457
6411310575
7237301387
6485956759
6586779227
7296351603
7019515073
7296358409
7271388254
6773618010
5500970038
7296358652
6595893447
5261230544
6978014532
6238078341
7295042829
2671109275
7234341072
3348895950
7292934411
7295908950
3975404652
6447876478
6408253630
5700941688
7290335722
7264855049
2671109275
7234341072
3348895950
7292934411
7295908950
3975404652
6447876478
6408253630
5700941688
7290335722
7264855049
2671109275
7295938671
7234341072
3348895950
7292934411
7295908950
3975404652
6447876478
6408253630
5700941688
7290335722
6984309488
2671109275
7212201486
7295938671
7234341072
3348895950
7292934411
7295908950
3975404652
6447876478
6408253630
5700941688
6579719928
7296345847
7295374302
6351763933
6231910698
6704403718
6577221175
6034312474
5263183630
6899811500
2671109275
7038516140
6407805728
6775220806
7008807435
7235248971
7212201486
7295938671
7234341072
3348895950
7292934411
2671109275
7284680286
7295630958
7038516140
6407805728
6775220806
7008807435
7235248971
7212201486
7295938671
7234341072
2671109275
6407810355
7295081114
6852443420
7245413162
7284680286
7295630958
7038516140
6407805728
6775220806
7008807435
6923486196
2671109275
6407810355
7295081114
6852443420
7245413162
7284680286
7295630958
7038516140
6407805728
6775220806
7008807435
6923486196
2671109275
7295938221
6407810355
7295081114
6852443420
7245413162
7284680286
7295630958
7038516140
6407805728
6775220806
7044423111
5896870820
6027338092
6909337125
5034056158
6552864997
6365274022
6205129021
5569769011
2693112001
6421864049
5385117039
6562753021
3771983025
6217910027
6185404051
7040319909
6295354976
7257956508
6638832798
6164048037
5952952106
7044517097
3557760250
7247553390
3502644550
6737914970
6624238892
2855475145
5516514013
6117413071
7296219926
7173295075
6526701324
7258611939
7280427560
3834694325
5990449858
2671109275
7296612607
6644363520
7036145867
7296334750
6777315544
5913801904
6495665011
7296219394
7282713372
6317123220
5834097728
2671109275
7296640638
7296612607
6644363520
7036145867
7296334750
6777315544
5913801904
6495665011
7296219394
7282713372
7288762684
2671109275
5897970535
7296635489
7296640638
7296612607
6644363520
7036145867
7296334750
6777315544
5913801904
6495665011
7289002178
2671109275
7212313237
5897970535
7296635489
7296640638
7296612607
6644363520
7036145867
7296334750
6777315544
5913801904
2671109275
7212313237
5897970535
7296635489
7296640638
7296612607
6644363520
7036145867
7296334750
6777315544
5913801904
2671109275
7296110502
7212313237
5897970535
7296635489
7296640638
7296612607
6644363520
7036145867
7296334750
6777315544
7030220453
7288762684
2671109275
7281701276
7296110502
7212313237
5897970535
7296635489
7296640638
7296612607
6644363520
7036145867
7296334750
7030220453
2671109275
7281701276
7296110502
7212313237
5897970535
7296635489
7296640638
7296612607
6644363520
7036145867
7296334750
7030220453
2671109275
6030267718
7281701276
7296110502
7212313237
5897970535
7296635489
7296640638
7296612607
6644363520
7036145867
7030220453
6942404818
3870865875
7074975236
2671109275
7296640680
6030267718
7281701276
7296110502
7212313237
5897970535
7296635489
7296640638
7296612607
6644363520
2014124562
7283842311
2671109275
7296640680
6030267718
7281701276
7296110502
7212313237
5897970535
7296635489
7296640638
7296612607
6644363520
2014124562
7283842311
2671109275
7296640680
6030267718
7281701276
7296110502
7212313237
5897970535
7296635489
7296640638
7296612607
6644363520
2014124562
7283842311
2671109275
6163236343
6617695417
7296640680
6030267718
7281701276
7296110502
7212313237
5897970535
7296635489
7296640638
7282242544
2671109275
6617695417
7296640680
6030267718
7281701276
7296110502
7212313237
5897970535
7296635489
7296640638
7296612607
2671109275
6163236343
6617695417
7296640680
6030267718
7281701276
7296110502
7212313237
5897970535
7296635489
7296640638
2671109275
7284934874
7296221367
6163236343
6617695417
7296640680
6030267718
7281701276
7296110502
7212313237
5897970535
2671109275
7284934874
7296221367
6163236343
6617695417
7296640680
6030267718
7281701276
7296110502
7212313237
5897970535
2671109275
7284934874
7296221367
6163236343
6617695417
7296640680
6030267718
7281701276
7296110502
7212313237
5897970535
6744077159
6581517045
6550329071
6083033187
6104490327
7295096484
5508203113
1922362367
6740709249
6995512712
2671109275
6662726149
7296642121
6303710712
7296216487
7069087246
7296640072
7296223964
7296637796
3271930304
7296098823
2671109275
7289279522
6037900382
6511277823
6662726149
7296642121
6303710712
7296216487
7069087246
7296640072
7296223964
2671109275
7296640082
7289279522
6037900382
6511277823
6662726149
7296642121
6303710712
7296216487
7069087246
7296640072
2671109275
7296219752
7238454358
7293687429
7296640082
7289279522
6037900382
6511277823
6662726149
7296642121
6303710712
5173046437
2014124562
5985551606
6414086574
5349293288
5904469350
2671109275
7296219752
7238454358
7293687429
7296640082
7289279522
6037900382
6511277823
6662726149
7296642121
6303710712
5160305681
6436564149
1611306771
6001223720
6909617034
6317249200
6868758044
7040307361
6934571760
2671109275
6576119295
7293661477
7296219752
7238454358
7293687429
7296640082
7289279522
6037900382
6511277823
6662726149
5160305681
2671109275
6601700179
6576119295
7293661477
7296219752
7238454358
7293687429
7296640082
7289279522
6037900382
6511277823
5160305681
2671109275
6601700179
6576119295
7293661477
7296219752
7238454358
7293687429
7296640082
7289279522
6037900382
6511277823
5160305681
2671109275
7296223199
7294242010
7296636961
7296630884
7295234161
6601700179
6576119295
7293661477
7296219752
7238454358
7289002178
6074071620
5353597005
7239688897
2671109275
6364318493
2935656335
7296223199
7294242010
7296636961
7296630884
7295234161
6601700179
6576119295
7293661477
2671109275
7284117949
6364318493
2935656335
7296223199
7294242010
7296636961
7296630884
7295234161
6601700179
6576119295
7288762684
6049173679
6467910031
6447618145
2310890703
6067375660
6062537974
2671109275
7295993061
7289805130
7284117949
6364318493
2935656335
7296223199
7294242010
7296636961
7296630884
7295234161
5532500147
2671109275
7295993061
7289805130
7284117949
6364318493
2935656335
7296223199
7294242010
7296636961
7296630884
7295234161
5532500147
2671109275
6813271025
7295993061
7289805130
7284117949
6364318493
2935656335
7296223199
7294242010
7296636961
7296630884
5532500147
2671109275
7000021318
7171336576
6813271025
7295993061
7289805130
7284117949
6364318493
2935656335
7296223199
7294242010
2671109275
7296223916
7289015649
7296614748
5690332027
7000021318
7171336576
6813271025
7295993061
7289805130
7284117949
6061307375
6942088404
6448498426
6057486558
6310963544
2671109275
6647259346
5869618999
7296219293
7296223916
7289015649
7296614748
5690332027
7000021318
7171336576
6813271025
2671109275
6647259346
5869618999
7296219293
7296223916
7289015649
7296614748
5690332027
7000021318
7171336576
6813271025
7296650565
7296499883
6188371510
7078175185
7025094928
6995835050
3046731483
6237329267
6388238073
7144805065
2671109275
7245809261
6601780019
7296651652
5843948421
6920876530
7282195339
6064679576
6488891875
6273405338
6408171838
2671109275
7245809261
6601780019
7296651652
5843948421
6920876530
7282195339
6064679576
6488891875
6273405338
6408171838
2671109275
7296644813
7245809261
6601780019
7296651652
5843948421
6920876530
7282195339
6064679576
6488891875
6273405338
2671109275
6851090381
7296644813
7245809261
6601780019
7296651652
5843948421
6920876530
7282195339
6064679576
6488891875
2671109275
7296650391
6851090381
7296644813
7245809261
6601780019
7296651652
5843948421
6920876530
7282195339
6064679576
5289027923
5198887604
6570749990
6215837922
2671109275
7296650910
7296324106
7293587262
7296650391
6851090381
7296644813
7245809261
6601780019
7296651652
5843948421
2014124562
6538902751
5260655018
5324263585
5019228440
5123641619
2671109275
6407808338
6388643560
7296642635
7296650910
7296324106
7293587262
7296650391
6851090381
7296644813
7245809261
2671109275
6407808338
6388643560
7296642635
7296650910
7296324106
7293587262
7296650391
6851090381
7296644813
7245809261
2671109275
6407808338
6388643560
7296642635
7296650910
7296324106
7293587262
7296650391
6851090381
7296644813
7245809261
2671109275
6668042065
6407808338
6388643560
7296642635
7296650910
7296324106
7293587262
7296650391
6851090381
7296644813
7196964980
2671109275
6668042065
6407808338
6388643560
7296642635
7296650910
7296324106
7293587262
7296650391
6851090381
7296644813
7196964980
2671109275
6668042065
6407808338
6388643560
7296642635
7296650910
7296324106
7293587262
7296650391
6851090381
7296644813
7196964980
2671109275
7147000324
6668042065
6407808338
6388643560
7296642635
7296650910
7296324106
7293587262
7296650391
6851090381
6852746050
2671109275
5638380401
6015304976
5496602952
7147000324
6668042065
6407808338
6388643560
7296642635
7296650910
7296324106
2671109275
6015304976
5496602952
7147000324
6668042065
6407808338
6388643560
7296642635
7296650910
7296324106
7293587262
2014124562
5780580280
2892824037
2671109275
6231327803
5638380401
6015304976
5496602952
7147000324
6668042065
6407808338
6388643560
7296642635
7296650910
2671109275
6352753993
6608718279
6231327803
5638380401
6015304976
5496602952
7147000324
6668042065
6407808338
6388643560
6776335377
6893168554
6661838506
6077514790
6154898667
6868264977
6081425991
6098010349
6076628462
6520735094
6630731222
6032309974
6783885038
6081118033
6290000063
6821591048
7291327520
6709909262
7284373754
6323650192
7296653600
6925056044
1507846164
6888701099
6068472931
2671109275
7294306353
7296623594
7276649419
7280717328
7295829262
7296648689
6408171655
7296653404
6972772278
3443014794
3900004415
5273324298
7188649963
5794280599
7214785059
6502282756
6082498435
7276987822
3020645137
2818350944
7039772024
7247771070
1729860622
6684141717
6040341367
7282977839
5534803718
7264513338
6614919749
6130217313
5224211924
5818701647
6478580552
6334110113
5661555290
5263575238
5327996924
5091733029
6922278581
6614919749
2671109275
7286904994
6492603261
7283605083
7286702484
7296630336
6407811711
7294306353
7296623594
7276649419
7280717328
2671109275
7229315115
7286904994
6492603261
7283605083
7286702484
7296630336
6407811711
7294306353
7296623594
7276649419
2671109275
7229315115
7286904994
6492603261
7283605083
7286702484
7296630336
6407811711
7294306353
7296623594
7276649419
2671109275
7296654424
7296502310
6721534072
7229315115
7286904994
6492603261
7283605083
7286702484
7296630336
6407811711
6524930558
7190651794
7167231429
6982154455
6391030035
6998612233
2536129093
7247222840
7297064353
7296225321
2616948795
7034771985
7294352663
7289214792
3210712045
7296636124
5845694584
6373225456
2988260125
6453534098
2671109275
7296653435
6736681789
7296390745
7296653582
7296647361
6123925309
7297065103
7286997768
7261262696
5678355476
2671109275
7296653435
6736681789
7296390745
7296653582
7296647361
6123925309
7297065103
7286997768
7261262696
5678355476
2671109275
7296079629
6615395977
7296653435
6736681789
7296390745
7296653582
7296647361
6123925309
7297065103
7286997768
7045418073
7074999049
6574907098
5148226869
7247953247
6616043495
7196922559
7297064598
7223637231
6586951057
6852318034
7160822176
6333807198
5268474882
6658095103
6360619710
7045418073
7074999049
6574907098
5148226869
7097512508
5730234747
7290285311
6090731042
6553180404
6521864920
7297067406
7296661509
7296474017
6625771657
2671109275
7295151247
6394334313
6383184126
3977649278
5928564381
7296660286
6501820503
7295093469
3894958433
7296649257
